0.187400 13
0.004218 112
28.681466 1
0.887815 1
0.180320 1
0.515666 1
0.194801 1
2.282457 1
0.240536 1
0.411258 1
1.727964 1
2.930018 1
0.203261 1
0.152628 1
1.053305 1
1.512366 1
0.123489 1
0.414502 1
0.515354 1
0.518583 1
2.216274 1
0.115496 1
3.207934 1
0.439263 1
0.116457 1
0.149137 1
2.506902 1
1.104967 4
0.157055 1
0.775556 1
0.174827 1
0.203916 1
1.055178 1
0.476424 1
0.215003 1
0.233377 1
0.387100 1
1.440159 4
1.139070 1
2.046741 2
0.006096 112
3.408217 1
0.120351 1
0.196534 1
0.239503 2
0.002496 165
0.002591 112
5.604797 3
0.663966 36
1.139677 4
0.500562 4
0.031137 4
0.031939 4
0.031090 4
0.032756 4
0.032974 4
0.031482 4
0.175246 4
0.591386 1
4.739552 1
0.100965 1
0.288555 1
0.504293 1
0.526061 1
0.132031 1
0.147924 1
2.097259 2
0.004406 112
2.337063 1
0.119247 1
0.215359 1
0.279756 166
0.002560 112
89.723373 1
0.099483 1
2.343937 1
0.405260 1
0.104550 1
0.240665 1
6.976040 1
0.205825 1
0.966608 1
0.247917 1
0.550132 1
0.236897 1
1.037519 4
0.224677 1
0.429204 1
0.860021 1
3.689302 4
0.205680 4
0.168372 4
0.178403 4
0.186253 4
0.172628 4
0.178287 4
0.180909 4
0.707091 1
6.903326 1
0.276382 1
1.003007 1
0.784999 1
0.141713 1
0.149005 1
0.679070 1
2.004682 1
0.126880 1
0.266901 1
0.353649 1
0.414173 1
0.277084 1
0.142847 1
0.634421 1
0.437570 1
0.114156 1
0.150742 1
0.458909 1
0.932021 1
0.175142 1
0.460397 1
0.152476 1
1.472195 1
0.266072 1
0.315510 1
0.363766 1
5.862876 2
0.004148 112
1.286235 1
0.124885 1
0.186554 1
0.230745 2
0.002071 178
0.002575 112
19.703481 1
0.130891 1
0.339310 1
0.472641 1
0.206910 1
0.860854 1
1.445155 1
0.518707 1
0.477680 1
0.293066 1
0.699785 1
0.182176 1
0.195567 1
2.007313 1
0.371116 1
0.188544 1
0.343682 1
0.444963 1
2.448358 2
0.004652 112
1.388608 1
0.089081 1
0.539332 1
0.629417 1
0.161305 1
0.264918 1
0.392218 1
1.917658 1
1.109675 1
0.122252 1
0.178520 1
0.645115 138
0.008839 122
78.836076 1
0.124568 1
0.224166 1
0.667827 1
0.137521 1
0.610269 114
2.950400 1
0.374286 1
0.191567 1
0.291429 1
0.169772 1
0.760188 2
0.001916 12
0.002844 112
9.459966 1
0.148643 1
0.196978 1
0.185582 1
3.904638 1
0.250315 1
0.217398 1
0.275410 1
1.586112 1
0.206233 1
0.178517 1
0.351091 1
13.968652 2
0.097794 15
0.000140 13
0.000053 14
0.000087 7
0.001534 71
0.100188 10
0.002675 4
0.003266 269
0.000972 12
0.005049 100
12.666676 53
0.289516 33
0.189793 33
0.501181 33
0.044908 33
0.035554 33
0.030856 33
0.034742 33
0.034321 1
0.034901 1
0.036503 1
0.106936 33
0.154640 33
0.138900 35
0.149742 35
0.125000 35
0.143304 33
0.139630 35
0.132023 35
0.144381 37
0.148559 36
0.139477 36
0.147153 36
0.328205 36
0.162521 36
0.142992 36
0.143916 36
0.188798 35
0.137077 35
0.150623 33
0.151130 35
0.156068 35
0.137154 35
0.158085 33
0.254276 35
0.327607 36
0.979426 1
0.886901 33
0.166014 33
0.138108 33
0.255255 33
0.632969 33
0.166278 33
0.154534 33
0.161418 33
0.124329 1
0.153431 1
0.451056 1
0.230512 1
0.266661 1
0.099474 1
0.400796 1
0.213777 107
0.004374 36
0.038189 35
0.108694 35
0.008483 35
0.052122 35
0.025706 35
0.804074 44
0.500399 44
0.034020 44
0.033067 44
0.029161 44
0.030793 43
0.032676 42
0.032201 42
0.030512 42
0.032114 42
0.032034 42
0.030728 42
0.147914 42
0.164306 42
3.197359 34
0.422054 34
0.297674 34
0.254736 34
0.230330 34
0.353076 34
0.149499 33
4.117424 34
0.373578 36
0.334694 35
0.283539 35
0.313665 35
0.501659 44
0.897598 35
0.172346 35
0.456689 35
0.206180 35
0.279952 35
149.536884 17
1.001899 57
0.165830 37
1.277533 19
0.149848 19
0.574558 17
0.006800 58
0.003547 112
20.751800 1
0.165895 1
0.911993 1
0.136130 1
3.216691 1
0.292872 1
0.228138 1
0.578669 1
0.437922 1
0.157679 1
0.151270 1
0.724288 2
0.114353 42
0.000211 7
0.025374 93
0.017426 1486
16.489535 35
0.000172 45
0.009505 4
0.001486 248
0.001207 100
17.532549 38
1.710303 19
0.136116 19
0.917609 239
5.131271 90
2.489897 37
1.633775 19
0.136837 19
0.515119 239
3.555563 90
3.240238 37
1.344074 19
0.785814 19
0.676188 51
0.002643 112
98.869520 1
0.104724 1
0.194098 1
2.073868 1
0.102712 1
1.267981 1
0.156871 1
0.757802 1
0.135121 1
0.157869 1
0.690129 130
10.558340 1
0.518200 1
0.629091 1
0.264239 1
0.218309 1
0.197873 1
1.445083 1
0.393073 1
1.736594 1
0.460787 1
0.400222 1
0.109836 1
0.149609 1
2.343797 2
0.005014 128
0.967794 1
0.104033 1
0.257069 1
0.717811 1
0.141173 1
0.264064 114
2.180658 1
0.276141 1
0.233309 1
0.531357 1
0.692009 4
0.591803 1
0.140616 1
1.208298 1
0.208664 1
0.202632 1
0.324491 1
0.801731 1
0.131130 1
0.177954 1
5.738195 1
1.388475 1
0.430309 1
0.355796 1
0.739689 1
0.452295 1
0.113060 1
0.138262 1
0.773144 1
17.058388 1
2.132801 4
1.016329 1
2.000787 1
0.413680 1
1.277067 1
0.850603 1
0.397224 1
0.627290 1
3.115648 2
0.003132 112
1.675462 1
1.031780 1
1.059072 1
0.554626 1
0.126077 1
6.589815 1
8.251727 1
0.214017 1
0.272640 1
0.274869 1
0.690778 1
0.153695 1
0.187628 1
1.074600 1
1.323054 1
0.392339 1
0.540099 1
0.406416 1
0.460445 4
0.269619 1
0.374402 1
0.135811 1
0.131683 1
0.800790 1
3.668792 1
4.992934 4
1.382355 1
0.394322 1
0.411841 1
0.177504 1
1.428508 1
0.426276 1
0.527221 1
2.435115 2
0.004133 112
593.350768 1
0.119669 1
0.656502 1
0.400040 1
2.835031 1
0.201480 1
0.633165 1220
0.002756 112
63.627142 1
0.108739 1
0.108504 1
1.235658 1
0.192103 1
0.240735 1
0.259216 1
0.705192 1
0.117398 1
0.196195 1
0.332596 130
5.217269 1
0.895261 1
0.410804 1
0.992684 1
0.306295 1
0.209611 1
2.209277 1
0.388368 1
0.689795 1
1.126236 1
0.840572 1
0.179451 1
0.126595 1
0.576328 2
0.002079 16
0.003475 128
746.055912 1
0.984491 4
336.465158 1
0.132595 1
0.218233 1
1.381654 154
0.004416 128
5.036396 1
0.114995 1
0.471056 1
0.837349 1
0.157686 1
0.705450 114
1.854757 1
0.110293 1
0.230107 1
0.254889 2
0.002056 211
0.002641 112
1.123711 1
0.387143 1
0.539703 1
0.240307 1
0.631280 1
0.525485 1
0.167037 1
2.791670 1
0.465438 1
0.186914 1
0.219604 1
2.094774 1
0.861078 1
0.188153 1
1.397308 1
4.770856 1
0.314330 1
0.845184 1
0.161459 1
1.086195 1
0.565826 1
0.408607 1
0.788899 2
0.028030 167
0.001675 112
3.859337 22
1.306726 25
2.564760 1
0.204338 1
0.683816 1
0.190648 1
0.488174 1
0.238280 1
0.313963 1
0.439267 1
0.414737 1
0.749445 1
0.156876 1
0.898223 1
0.408152 1
0.357140 1
1.138085 1
0.302505 2
0.001634 250
0.001390 390
0.000034 82
0.002603 112
8.090518 13
1.101681 4
0.627770 20
0.555830 4
0.499990 4
0.034604 4
0.033255 4
0.036066 4
0.033875 4
0.157888 4
0.745047 2
0.003911 112
1.807447 1
0.230012 1
0.503808 1
0.272214 1
0.267523 1
0.691310 1
0.259754 1
1.922703 1
0.261318 1
0.520382 1
0.188779 1
1.275901 1
0.482497 1
0.557565 1
0.282728 2
0.004045 112
1.519628 1
0.251448 1
0.518807 1
0.250665 1
0.268232 1
0.695979 1
0.222909 1
2.703821 1
0.366249 1
0.429547 1
0.160120 1
0.551569 1
0.220744 1
0.235583 1
0.570908 1
0.498032 2
0.000518 112
1.261280 1
0.214813 1
0.453125 1
0.241266 1
0.259282 1
0.552417 1
0.238532 1
0.518168 1
0.207023 1
0.248702 1
0.287853 1
0.645311 1
0.270924 1
0.267316 1
0.772848 1
0.469922 2
0.445003 155
0.000138 44
0.027986 112
2.499283 15
0.912374 4
0.502926 4
0.034912 4
0.035231 4
0.028172 4
0.033814 4
0.033103 4
0.034107 4
0.030143 4
0.034891 4
0.032169 4
0.032911 4
1.209873 1
0.246159 1
0.678625 1
0.201372 1
0.655069 1
0.237642 1
0.315565 1
0.272287 1
0.592153 1
0.225946 1
0.267566 1
0.478284 1
0.664621 2
0.004097 112
1.350640 1
0.222982 1
0.511224 1
0.224652 1
0.322008 1
0.491765 1
0.574042 1
6.421576 1
0.165315 1
0.394584 1
0.453636 1
0.727374 1
0.138598 1
0.172461 1
0.660845 2
0.004570 112
10.097405 1
0.392562 1
0.188845 1
1.060881 4
0.571330 1
0.255340 1
0.465280 8
