0.150965 13
0.003861 112
2.026140 1
0.155455 1
0.193338 1
0.248999 1
0.123061 1
0.729816 1
0.284999 1
1.517039 2
0.003668 33
2.517224 2
0.237132 11
0.000075 2
0.003957 52
3.166277 1
0.522109 1
0.243648 1
0.359270 1
0.166990 1
0.108586 1
2.590042 1
0.277596 1
0.272323 1
0.131603 1
0.172271 1
0.142340 1
0.938163 1
0.422027 1
0.131566 1
0.159435 1
19.464333 2
0.000252 52
1.636219 1
0.193166 1
1.386204 1
0.316725 1
0.170656 1
0.125630 1
1.187539 1
0.336879 1
0.380941 1
0.243337 1
0.172570 1
0.189548 1
0.312857 1
0.904471 1
0.478235 1
0.245253 1
0.300517 1
0.147797 1
0.151541 1
0.157382 1
1.052631 1
0.438620 1
0.112232 1
0.167562 1
1.221170 2
0.002932 52
35.127451 1
0.388702 1
0.699457 1
0.209982 1
0.412842 1
0.785248 1
0.204753 1
0.134674 1
0.346895 1
31.667198 1
0.489996 1
0.287964 1
0.298726 1
0.382745 1
0.439883 1
0.375011 1
0.134247 1
21.964122 2
0.122425 52
2.099014 1
0.140078 1
0.724377 1
0.265061 1
0.549416 1
1.062757 1
2.885162 1
0.363914 1
0.288690 1
0.586380 1
0.697141 1
0.355892 1
0.365979 1
0.110676 1
0.204555 1
2.376576 1
0.262173 1
0.211785 1
0.107910 1
0.317323 1
0.172771 1
1.291765 1
0.363095 1
0.094560 1
0.125910 1
19.349168 2
0.028945 52
148.888475 1
0.143646 1
0.327707 1
0.148716 1
0.540174 1
0.643869 2
0.003756 14
0.000124 60
0.001645 52
1519.932626 1
0.203567 1
0.477748 1
0.395478 1
1.776993 1
0.308998 1
15.279947 1
4.297444 1
3.831777 1
0.539806 1
2.305741 1
0.828426 1
0.264438 1
0.372166 1
0.146658 1
0.159741 1
0.157894 1
1.923076 1
0.527301 1
0.127188 1
0.126418 1
27.699759 2
0.000806 52
2.769440 1
0.188741 1
0.427147 1
0.212065 1
0.303432 1
0.935530 1
1.571758 1
4.792407 1
1.324788 1
4.467549 4
8.850149 1
1.304759 1
0.747276 1
1.966583 1
0.264888 1
0.310628 1
0.273288 1
0.136844 1
0.161656 1
0.154263 1
0.568779 1
0.408227 1
0.126061 1
0.131090 1
6.642525 2
0.004353 52
115.190280 1
0.340836 1
0.213882 1
0.144159 1
0.348820 1
1.677106 60
1.867221 1
0.247925 1
0.437254 1
0.188529 1
0.356459 1
1.345435 1
0.534773 1
0.453128 1
0.722586 71
1390.078052 1
1.397281 1
0.217542 1
0.122901 1
0.464432 1
1.125043 1
0.353460 1
0.209797 1
0.135779 1
4.127502 54
128.955317 1
0.525831 1
0.274170 1
0.343840 1
0.136477 1
0.107756 1
6.458485 1
0.217155 1
0.599064 1
0.084197 1
0.146879 1
13.100231 1
0.977071 1
0.175206 1
0.447902 1
0.086493 1
0.149658 1
0.623729 1
0.329989 1
0.362051 1
0.500337 1
0.085302 1
0.149317 1
0.524641 1
0.398390 1
0.395368 1
0.408746 1
0.125577 1
0.104496 1
1.251736 54
144.724020 1
0.251422 1
0.393229 1
0.182372 1
0.155639 1
1.474834 1
0.169949 1
0.815422 1
0.345396 1
0.277308 1
0.168513 1
1.037114 1
0.675338 1
0.160480 1
0.536525 1
0.398669 1
0.339910 1
0.502824 1
0.147316 1
0.124999 1
1.908826 2
0.015909 52
2.563411 1
0.178543 1
0.694797 1
0.209051 1
0.377649 1
0.173200 1
1.475494 1
0.266903 1
0.175728 1
1.030091 1
0.432122 1
0.375337 1
0.474641 1
0.122565 1
0.159612 1
1.693167 2
0.002537 52
2.836606 1
0.138985 1
0.458256 1
0.209324 1
0.607553 1
0.165258 1
0.255247 1
0.856231 4
0.353515 4
0.138899 4
0.148599 4
0.138460 4
0.920571 1
0.275943 1
0.261714 1
0.357121 1
0.961247 1
0.375086 1
0.161493 1
1.310791 4
0.178743 4
0.628708 1
0.356383 1
0.699699 1
0.721316 1
0.494780 1
0.398177 1
0.128817 1
0.136307 1
2.211157 54
1.208296 1
0.172204 1
0.411963 1
1.496230 4
0.493194 1
0.442527 1
0.618961 1
0.190585 1
1.263947 1
0.620785 1
0.227751 1
0.682313 1
0.723521 1
0.387703 1
0.591958 1
0.118090 1
0.152260 1
1.632114 2
0.002716 52
1.153137 1
0.122174 1
0.149756 1
0.642382 1
2.935423 121
0.000869 52
6.519266 1
0.101007 1
0.228341 1
0.442693 1
0.302176 1
0.534664 2
0.003361 14
0.000118 272
0.000146 60
0.001159 52
191.027084 1
0.141900 1
0.112561 1
0.885767 4
0.159858 4
0.164247 4
0.158424 1
0.167524 1
0.146104 1
2.308039 1
0.225025 1
0.503234 1
0.259914 1
0.351801 1
0.119977 1
2.810216 1
1.772624 1
0.565919 1
0.760467 1
0.111840 1
2.294970 1
3.086938 1
2.111105 1
1.023078 1
0.182814 1
0.169050 1
1.309591 1
2.253232 1
0.441417 1
1.667173 1
0.314876 1
0.130863 1
2.233065 1
3.944959 1
0.397108 1
0.883901 1
0.125082 1
0.126862 1
2.982882 54
3.704187 1
0.274116 1
0.522093 1
0.212669 1
0.277817 1
0.146918 1
1.337181 1
0.479755 1
1.860225 1
0.162769 1
2.218593 1
0.651849 1
1.381199 1
0.708835 1
1.122541 1
1.051275 1
1.763381 1
0.570776 1
0.184320 1
0.597409 1
2.325075 1
0.730910 1
0.293061 1
0.420007 1
0.103979 1
0.156830 1
0.736790 2
0.002647 52
1.608648 1
0.149505 1
0.382652 1
0.439697 1
0.231372 1
0.214933 1
5.295981 1
0.225574 1
1.289978 1
0.484217 4
0.165028 4
0.739174 1
0.749309 1
0.104808 1
2.935551 1
0.482499 1
0.424324 1
4.673593 1
0.227009 1
0.265922 1
3.330597 1
2.870921 4
0.151624 1
2.299507 4
3.254953 1
4.459250 4
7.665593 1
0.555135 1
0.983520 1
0.639154 1
0.922906 1
0.623305 1
0.290696 1
0.391996 1
0.085531 1
0.161908 1
2.194082 2
0.002453 52
17.347947 1
0.139663 1
0.361306 1
0.334970 1
0.244123 1
0.125812 1
2.227242 1
1.792913 1
0.943000 1
0.120436 1
1.960948 1
0.559738 1
1.654095 1
0.529706 1
0.183632 1
0.230808 1
2.377283 1
0.392972 1
0.613360 1
1.069325 1
0.449816 1
1.388577 1
0.417331 1
0.544603 4
0.270010 1
0.425068 1
0.099343 1
0.141327 1
82.297837 2
0.002308 52
3.291657 26
0.178930 68
1.225208 24
0.677681 1
2.540360 1
0.173214 1
0.168045 1
0.500763 1
0.030695 1
0.033952 1
0.032290 1
0.027821 1
0.035671 1
0.035425 1
1.202617 1
0.190876 1
0.177233 1
0.392468 3
0.770865 5
0.384530 5
2.166646 3
0.196695 3
0.172963 3
0.151063 3
0.180831 3
0.455519 1
0.387918 5
2.332067 5
2.544165 3
0.166864 3
0.167110 3
0.147372 3
0.172912 3
0.544835 3
0.327452 3
0.167533 3
0.343456 3
0.755989 2
0.002235 52
2.604435 26
1.055948 1
0.500834 1
0.033033 1
0.032277 1
0.034899 1
0.031222 1
0.027814 1
0.033712 1
0.038966 1
0.033750 1
0.032716 1
0.032451 1
0.030753 1
0.033257 1
0.028041 1
0.032400 1
0.032548 1
0.036826 1
0.032028 1
0.325335 3
0.469401 3
0.329535 5
1.052755 3
0.387555 3
0.180828 3
0.181335 3
0.178727 3
0.184648 3
0.228242 1
0.230251 1
0.995006 3
1.688006 5
0.523411 5
5.059330 3
0.181375 3
0.174420 3
0.168002 3
0.170317 3
0.284423 3
0.637974 17
0.290196 1
0.233029 1
0.259468 5
1.261682 5
0.448921 3
0.204904 5
1.647741 3
0.162476 3
0.183681 3
0.643586 13
0.454989 9
2.053877 2
0.001840 52
1.474656 1
0.169796 1
1.318991 1
0.204262 1
0.395109 1
1.821628 2
0.003529 14
0.000233 332
0.001157 52
81.323686 1
0.799493 1
0.141424 1
1.404166 1
0.306925 1
0.128533 1
2.240012 1
0.214878 1
5.082497 2
0.458245 46
0.029634 52
5.857738 1
0.707151 1
0.631556 1
0.175158 1
0.120858 1
0.810685 1
2.006508 1
0.497159 1
0.445510 4
0.646523 1
0.429690 1
0.073322 1
0.162432 1
1.131261 54
0.498417 54
0.882719 1
0.412850 1
0.828350 1
0.272608 1
0.156765 1
0.120956 1
1.022118 1
0.588822 1
0.867721 1
0.105835 1
0.148135 1
0.269622 1
0.529018 1
0.469790 1
0.484350 1
0.112246 1
0.133365 1
0.734558 2
0.002432 52
11.385647 1
0.266747 1
0.432247 1
0.245821 1
0.272705 1
0.127832 1
1.812741 1
0.520765 1
0.139663 1
1.487354 1
0.395272 1
0.154888 1
1.196241 4
0.170751 4
0.173387 4
0.399923 4
1.223229 1
0.347457 1
2.821900 4
0.722835 1
1.423835 1
0.504225 1
0.384309 1
0.110114 1
0.123076 1
4.701930 2
0.002390 52
1.364211 1
0.161185 1
0.622350 1
8.511157 1
1.272214 1
0.134183 1
0.131343 1
0.767578 4
0.183188 4
0.152072 4
0.154189 4
0.149449 4
1.385930 1
0.274176 1
0.241032 1
0.126233 1
1.585204 1
0.442095 1
0.136908 1
2.625071 1
0.464195 1
0.856314 1
0.462257 1
0.100121 1
0.143202 1
4.060965 2
0.000401 52
1.145144 1
0.442167 1
0.361809 1
0.309070 1
0.279770 1
0.142301 1
2.980931 1
1.680488 1
0.125560 1
0.987728 1
0.471559 1
0.455457 1
0.410585 1
0.100798 1
0.130825 1
5.442048 54
292.097232 1
0.429669 1
0.361141 1
0.241130 1
0.167556 1
0.088176 1
2.621316 1
0.537323 1
0.384300 1
0.123437 1
0.125723 1
1.259140 2
0.000826 52
8.668500 1
0.128424 1
0.282815 1
0.783218 1
0.952587 1
6.025290 1
0.984461 1
0.486088 1
0.389379 1
0.079957 1
0.153639 1
0.792999 2
0.002966 48
0.001112 52
33.936407 1
0.269430 1
0.289098 1
0.110569 1
0.208618 1
0.131828 1
0.749703 1
0.594542 1
0.128463 1
10.817664 54
2.088182 1
0.163203 1
0.137727 1
0.264904 1
0.602818 4
0.184724 4
0.146187 4
0.139349 4
0.272659 1
0.745556 4
0.683600 1
0.117172 1
0.497684 4
0.214555 1
0.208544 1
1.371555 1
0.296311 1
0.248309 1
11.790840 4
136.362211 16
0.000041 71
0.000026 67
0.000134 134
0.000025 122
0.000071 110
0.000088 60
0.001172 52
71.629286 1
0.131286 1
0.166895 1
0.898585 2
0.002419 54
0.000370 13
0.000999 52
3.145115 1
0.130658 1
0.088978 1
13.398569 1
0.406205 1
0.757153 4
0.324158 1
0.989037 1
0.104671 1
0.115337 1
1.455581 1
0.443225 1
0.337860 1
1.145231 1
0.088237 1
0.128272 1
0.696153 1
0.437900 1
0.877896 1
0.636206 1
0.107743 1
0.133558 1
1.097213 1
1.078587 1
1.082193 1
3.019800 4
0.500053 4
0.032394 4
0.033300 4
0.035345 4
0.031710 4
0.029034 4
0.033260 4
0.031727 4
0.030982 4
0.032989 4
0.032785 4
0.034740 4
0.035084 4
0.031701 4
0.033427 4
0.031694 4
0.182703 4
0.137979 4
0.172852 4
0.206795 4
0.581550 1
12.685095 37
0.001690 1
0.000169 1
0.000168 1
0.000395 1
0.000171 1
0.000173 1
0.000172 1
0.000174 1
0.000323 1
0.000705 1
0.004137 1
0.000176 1
0.000182 1
0.000183 1
0.000188 1
0.000237 3
0.000026 1
0.018339 2
0.000101 1
0.000134 2
0.000023 1
0.000140 1
0.000227 3
0.000521 1
1.167217 2
0.003263 52
2.007266 1
0.179122 1
0.285170 1
1.064624 4
0.152874 4
0.164142 4
0.167900 1
1.895641 1
0.093975 1
0.307132 4
0.175430 4
0.165357 1
0.224775 1
0.119902 1
0.220133 4
0.166840 4
0.163105 1
0.178332 1
0.182946 1
0.118278 1
0.217373 4
0.177552 4
0.170726 1
0.240821 1
0.146332 1
0.126369 4
0.206414 4
0.187044 1
0.211603 1
0.107440 1
0.122713 4
0.209944 4
0.172198 1
0.172933 1
0.117643 1
0.196970 4
0.175379 4
0.170535 1
0.188575 1
0.162660 1
0.112798 4
0.184759 4
0.168907 1
0.227429 1
0.149068 1
0.092325 4
0.175116 4
0.170411 1
0.211477 1
0.157532 1
0.110079 4
0.185521 4
0.175279 1
0.201613 1
0.126144 1
0.112046 4
0.194422 4
0.182827 1
0.183290 1
0.131160 1
0.275421 4
0.206827 4
0.198717 1
0.194356 1
0.258870 1
0.162795 1
0.034564 4
0.228800 4
0.202035 1
0.314629 1
0.153989 4
0.024629 1
0.279864 4
0.197532 1
0.190183 1
0.145880 1
0.070768 4
0.232528 4
0.313918 1
0.194966 1
0.151608 1
0.089298 4
0.217211 4
0.196351 1
0.186014 1
0.144084 1
0.060157 4
0.227342 4
0.209586 1
0.160530 1
0.114703 1
0.109793 4
0.225738 4
0.211948 1
0.191881 1
0.172166 1
0.044501 4
0.228610 4
0.219522 1
0.164521 1
0.139370 1
0.083660 4
0.217151 4
0.211997 1
0.180478 1
0.163235 1
0.091376 4
0.185409 4
0.229013 1
0.204021 1
0.117634 1
0.054069 4
0.241705 4
0.215240 1
0.185536 1
0.151698 1
0.075895 4
0.238202 4
0.220148 1
0.229381 1
0.176556 1
0.080715 4
0.235823 4
0.206777 1
0.191116 1
0.220360 1
0.159685 1
0.188355 4
0.017737 1
0.267642 4
0.676471 1
0.119480 4
0.007546 1
0.306808 4
0.204141 1
0.334415 1
0.124014 1
0.061881 4
0.309331 4
0.218023 1
0.431306 1
0.118033 1
0.256255 4
0.209678 4
0.201739 1
0.209582 1
0.136763 1
0.104564 4
0.237461 4
0.219779 1
0.183906 1
0.161120 1
0.054300 4
0.253413 4
0.220380 1
0.209622 1
0.104561 1
0.168058 4
0.219623 4
0.209712 1
0.191625 1
0.151384 1
0.160130 4
0.199268 4
0.218959 1
0.213761 1
0.213780 1
0.182093 1
0.195583 1
0.222743 1
0.408904 1
0.170948 1
0.207039 1
0.185605 1
0.191758 1
0.196114 1
0.419087 1
0.177676 4
0.009992 1
0.241982 4
0.243999 1
0.311656 1
0.117633 1
0.096792 4
0.199035 4
0.225647 1
0.230119 1
0.120829 1
0.130719 4
0.193983 4
0.204169 1
2.484178 1
0.225906 1
0.255587 1
0.419225 1
0.157837 14
0.003900 112
1.867651 1
0.098415 1
0.230467 1
0.119116 2
0.002026 201
0.002689 112
2.481645 1
0.094376 1
1.005661 1
0.135787 1
0.122698 1
3.439775 1
0.709710 1
0.139427 1
2.340370 4
0.485386 4
0.996482 1
0.393404 1
0.286692 1
0.300664 1
0.796410 1
0.120178 1
0.172449 1
3.122886 2
0.003700 51
0.000187 32
0.002650 112
2.082107 1
0.183650 1
0.431191 4
0.372333 1
0.115275 1
0.710023 1
0.715053 1
0.758449 1
1.321383 1
0.175374 1
0.359514 1
0.378749 1
0.555750 1
0.149400 1
0.214104 1
0.286510 2
0.004778 112
5.115445 1
0.118778 1
0.103846 1
0.703687 1
0.310834 1
0.529177 1
0.152565 1
0.120065 1
0.115592 1
1.066985 1
0.848673 1
0.134000 1
0.108520 1
2.976941 1
1.592938 1
0.112609 1
0.472164 1
0.364036 1
0.406228 1
0.303639 1
0.127930 1
0.739415 1
0.445141 1
0.075769 1
0.149112 1
4.782075 2
0.004613 112
1.107643 1
0.155004 1
1.797521 1
0.455629 1
0.689236 1
0.499394 1
0.584950 1
0.250842 1
0.566395 1
0.124807 1
0.567351 2
0.003249 112
1.630832 1
0.103870 1
0.281100 1
0.673891 2
0.001992 158
0.002885 112
3.883942 1
0.290517 1
0.128465 1
0.248291 1
0.467540 8
