0.158557 13
0.003715 112
15.096232 1
0.440505 1
1.039640 1
0.167405 1
0.326877 1
7.227879 1
0.947768 1
0.238441 1
0.413468 1
0.290019 1
1.992218 1
0.419090 1
0.185281 1
2.324934 2
0.005394 112
44.061390 1
0.172845 1
0.230443 1
81.151635 1
0.183789 1
0.392406 1
0.215484 1
1.645132 1
0.172754 1
0.199098 1
0.267348 130
1.753800 1
0.532466 1
0.578686 1
0.233164 1
0.167784 1
1.100194 1
2.998063 1
0.196459 1
0.057671 1
0.746523 1
0.497441 1
0.130773 1
0.180888 1
0.264568 1
1.450622 1
0.660146 1
0.104690 1
2.072983 1
0.217636 3
1.147485 3
0.163213 3
1.798947 3
0.193719 3
1.405376 3
1.415076 1
0.887613 1
0.128545 1
0.147559 1
6.882259 1
0.500241 1
0.033482 1
0.032540 1
0.031923 1
0.033136 1
0.035536 1
0.555629 1
0.291052 1
0.133909 1
0.223713 1
0.181359 1
0.146967 1
0.261245 3
0.209471 3
0.659673 27
1.269617 1
0.503493 1
0.140247 1
0.228454 1
0.166063 1
0.764665 3
0.254283 35
0.183440 35
0.154258 35
0.172951 35
3.309980 3
0.187698 3
0.182600 3
0.158690 3
0.176457 3
0.170801 3
1.327236 3
0.188448 3
0.168209 3
0.175038 3
0.149708 3
0.165880 3
0.157238 3
0.176562 3
0.584107 3
1.449536 2
0.005813 128
1.544979 1
0.141870 1
0.158940 1
0.266834 2
0.002684 112
0.003387 128
46.498173 1
0.094407 1
0.131294 1
1.298214 1
0.996726 1
0.470704 1
0.154684 1
0.698770 328
0.000096 50
0.000033 2
0.000060 50
0.000032 2
0.000059 50
0.000031 2
0.000059 51
0.000031 2
0.003951 128
18.558023 1
0.126817 1
1.138314 4
0.172838 4
0.154879 1
0.764064 1
0.163584 1
0.961212 4
0.166867 4
0.664597 1
0.139446 1
0.373828 1
0.233316 1
23.211487 1
2.301811 1
0.337985 1
0.232765 1
0.360482 1
2.381460 1
0.311405 1
0.449993 1
0.134505 1
0.128371 1
0.890730 2
0.103046 37
0.000200 14
0.001221 14
0.000309 76
0.000325 63
0.004379 12
0.000323 529
1.451352 42
0.079400 1
0.142512 1
0.050031 1
0.005397 1
0.102425 1
0.008372 1
0.158452 1
6.527198 414
1.283766 6
0.000424 81
0.000646 12
0.000261 416
2.034764 40
0.004160 128
1.670658 14
0.333048 25
1.116353 2
0.005113 535
0.006499 128
45.489332 1
0.727611 1
0.166718 1
0.325797 1
2.773763 8
