0.157822 13
0.003847 112
3.032588 1
0.141754 1
0.172233 1
1.136957 1
0.175009 1
0.421398 1
0.283862 1
0.527932 1
0.191642 1
0.183613 1
1.155713 1
0.427861 1
0.126025 1
0.138911 1
0.267276 1
1.759788 1
0.202370 1
0.315975 1
0.583346 1
0.606268 1
0.146228 1
0.195837 1
1.654033 2
0.005128 112
19.893983 1
0.656865 1
0.366905 1
1.359877 1
0.110146 1
0.499157 1
0.284474 1
0.502461 1
0.288543 1
0.174983 1
1.867392 1
0.415142 1
0.115802 1
0.140690 1
0.776138 1
1.719780 1
0.160044 1
0.416161 1
0.339617 1
0.612037 1
0.289291 1
0.140879 1
0.545084 1
0.498130 1
0.266542 1
0.236017 1
5.202830 2
0.005503 112
11.005726 1
0.429643 1
1.617527 1
0.651997 1
0.121282 1
0.401915 1
0.640095 1
0.418252 1
0.230238 1
0.136152 1
2.149971 1
13.121650 1
0.174644 1
0.235934 1
3.846542 1
0.812326 1
0.201049 1
0.403570 1
0.329970 1
0.801810 1
0.171973 1
0.212564 1
1.420895 2
0.005304 112
11.630586 1
0.163367 1
0.122329 1
0.418771 1
0.765699 1
2.149279 1
0.950334 1
0.130693 1
0.335676 1
0.299562 1
0.722634 1
0.139785 1
0.191047 1
1.147896 2
0.004226 15
0.000124 53
0.000527 380
0.000263 52
0.000074 2
0.001472 52
0.000250 2
0.000089 56
0.000619 56
0.002980 112
33.272767 1
0.407612 1
0.472562 1
0.267375 1
0.315232 8
