0.167407 11
0.000089 2
0.004289 112
10.582465 1
0.304835 1
0.766070 1
0.182821 1
0.136392 1
0.147375 1
14.794068 1
0.170451 1
0.431335 1
0.338396 1
0.558525 1
0.269429 1
0.185597 1
1.701252 1
0.421398 1
0.130881 1
0.133788 1
6.740169 2
0.004410 112
1.279718 1
0.135377 1
0.194590 1
0.151906 1
0.821106 1
0.137166 1
0.376946 1
0.334676 1
0.448590 1
0.434514 1
0.112770 1
1.067351 1
0.484034 1
0.125566 1
0.146478 1
0.841763 2
0.111490 42
0.000184 7
0.001188 74
0.000151 7
0.010019 4
0.005400 2047
0.000235 218
0.000827 12
0.013851 100
1.436384 1
0.062604 1
0.018458 93
0.169475 36
0.080587 34
0.029349 34
0.042747 34
0.092990 34
0.041380 33
0.077517 34
0.177621 34
0.059147 36
0.130033 35
0.132426 35
0.008050 35
0.104058 35
0.032143 35
0.012686 35
0.050900 35
0.047025 35
0.119846 35
0.002804 36
0.068239 35
0.219977 45
0.110041 34
0.005302 34
0.104014 34
0.088938 34
0.068616 34
0.016052 34
0.065627 34
0.068428 34
0.051362 36
0.040831 35
0.066759 35
0.019976 35
0.014548 35
0.083124 35
0.130649 45
0.045494 34
0.003724 34
0.057381 34
0.069865 34
0.098601 34
0.026542 34
0.050136 34
0.015301 34
0.053162 36
0.036834 35
0.055498 35
0.026036 35
0.041343 35
0.136448 35
0.087582 45
0.053072 34
0.081082 34
0.050204 34
0.098111 34
0.051363 34
0.035602 34
0.061658 34
0.045302 34
0.006193 36
0.083055 35
0.022827 35
0.034827 35
0.091402 35
0.011192 45
0.126437 34
0.009982 34
0.081349 34
0.039451 34
0.119765 34
0.003361 34
0.050047 34
0.016985 34
0.074479 36
0.018856 35
0.092948 35
0.023653 35
0.051383 45
0.107736 34
0.090670 34
0.028299 34
0.017042 34
0.070098 34
0.021065 34
0.040627 34
0.020465 34
0.099293 36
0.006460 35
0.119376 45
0.026872 34
0.018002 34
0.075867 34
0.053661 34
0.088471 34
0.109656 34
0.025867 34
0.061290 34
0.043131 44
0.034002 34
0.034455 34
0.067917 34
0.023116 34
0.050855 34
0.124451 34
0.026568 34
0.012580 34
0.052144 36
0.061995 35
0.021090 45
0.083654 34
0.041415 34
0.047065 34
0.019324 34
0.003819 34
0.055930 34
0.114015 47
0.027098 35
0.013641 35
0.096118 35
0.072271 35
0.126701 35
0.067518 46
0.034300 35
0.038940 35
0.131938 35
0.032286 35
0.103900 35
0.090873 46
0.022490 35
0.023157 35
0.088771 35
0.052791 35
0.099863 46
0.019188 35
0.026419 35
0.060319 35
0.035199 35
0.018382 35
0.012485 46
0.117646 35
0.022699 35
0.036134 35
0.063758 35
0.041822 46
0.067969 35
0.027737 35
0.021375 35
0.082164 35
0.023105 35
0.023244 46
0.100294 35
0.023895 35
0.017448 46
0.111998 35
0.015042 35
0.106936 46
0.027044 35
0.062189 35
0.042535 35
0.080453 46
0.034069 35
0.045159 35
0.156376 47
0.033837 35
0.002444 35
1.358178 3
1.857856 44
0.499413 44
0.034393 125
0.032622 44
0.031415 44
0.036220 124
0.024939 44
0.035792 44
0.027006 44
0.136127 124
0.154928 44
0.151307 44
0.146964 124
0.144280 44
0.148821 44
0.136826 124
0.146644 44
0.151093 44
1.259196 35
0.029199 35
0.082428 35
0.121732 35
0.026212 35
0.222645 46
0.165534 35
0.084713 35
0.018024 35
0.075823 35
0.041387 35
0.031039 46
0.065044 35
0.055882 35
0.025381 35
0.053873 46
0.026224 35
0.099149 35
0.034344 35
0.017977 35
0.065160 46
0.032024 35
0.112105 35
0.024728 35
0.015821 47
0.021252 35
0.097541 35
0.115518 46
0.046001 35
0.008534 35
0.027495 35
0.095138 35
0.150035 35
0.005149 35
0.026299 35
0.123469 35
0.261257 37
0.146170 36
0.071537 36
0.275005 47
0.190362 44
0.033741 35
0.004761 35
0.176740 35
0.143281 35
0.018914 35
0.090390 35
0.095265 46
0.031949 35
0.033469 35
0.112914 35
0.504291 44
0.168631 44
0.164791 44
0.144208 124
0.166865 44
0.168262 44
0.153357 44
0.153870 44
0.159480 44
0.157559 44
0.135213 122
0.159941 126
0.284031 36
0.007500 36
0.097977 36
0.022417 36
0.094027 36
0.050107 36
0.075702 36
0.790556 46
0.191508 46
0.221562 46
0.163230 46
0.151945 46
0.500430 46
0.032005 46
0.031821 46
0.034742 46
0.027805 45
0.034131 44
0.032872 44
0.167595 44
0.499730 44
0.033310 44
0.033190 44
0.029488 44
0.032251 44
0.031099 124
0.186869 35
0.029047 35
0.017254 35
0.157534 35
0.084830 35
0.005049 35
0.037571 37
0.078125 36
0.122810 36
0.059794 46
0.489544 46
0.253924 45
0.287136 46
0.174220 35
0.018974 35
0.080395 35
0.044518 35
0.079499 35
0.025889 35
0.086160 35
0.037332 35
0.068026 37
0.035338 36
0.087471 36
2.701582 18
1.090835 6
0.000546 45
0.005189 37
1.990348 19
0.150377 19
5.656154 20
0.006542 58
0.002548 112
6.345548 1
0.158801 1
0.141642 1
0.183896 1
0.600721 1
0.086019 1
6.121412 1
0.395649 1
0.415283 1
0.236202 1
0.120341 1
0.806519 1
0.409110 1
0.141745 1
0.776393 4
0.144989 4
0.767381 1
0.123567 1
0.201286 1
1.089432 2
0.001283 214
0.002547 112
64.301151 1
0.386998 1
0.463671 1
0.162716 1
0.752039 1
0.509386 1
0.261758 1
0.181171 1
0.690800 1
1.299078 1
0.428356 1
0.118910 1
0.311230 1
0.488493 1
0.388173 1
0.281771 1
0.103331 1
2.217613 1
0.708856 1
0.138575 1
0.167437 1
0.571280 2
0.003379 20
0.000073 2
0.000032 14
0.000030 2
0.000031 14
0.000046 2
0.000031 13
0.000032 2
0.000032 12
0.000028 2
0.002649 112
23.972205 21
0.283256 1
0.504202 1
0.028199 1
0.032333 1
0.029717 1
0.032405 1
0.043833 1
0.028306 1
0.031174 1
0.031708 1
0.035219 1
0.029594 1
0.031743 1
0.035582 1
0.031627 1
0.033127 1
0.028680 1
0.031180 1
0.504310 3
0.644903 5
0.148850 5
0.148770 5
0.147035 5
0.142002 1
0.136834 1
0.516751 5
0.239433 5
0.343855 5
0.247173 5
0.653906 2
0.003320 3
0.000164 2
0.000131 4
0.000127 2
0.000120 3
0.000158 2
0.000122 8
0.000120 2
0.000124 11
0.000156 2
0.002887 112
89.981024 1
0.416155 1
0.646235 1
0.366118 1
0.627179 8
